	Cys	Ser	Thr	Pro	Ala	Gly	Asn	Asp	Glu	Gln	His	Arg	Lys	Met	Ile	Leu	Val	Phe	Tyr	Trp
Cys	.	258	121	201	334	288	109	109	270	383	258	306	252	169	109	347	89	349	349	139	
Ser	373	.	481	249	490	418	390	314	343	352	353	363	275	321	270	295	358	334	294	160	
Thr	325	408	.	164	402	332	240	190	212	308	246	299	256	152	198	271	362	273	260	66	
Pro	345	392	286	.	454	404	352	254	346	384	369	254	231	257	204	258	421	339	298	305	
Ala	393	384	312	243	.	387	430	193	275	320	301	295	225	549	245	313	319	305	286	165	
Gly	267	304	187	140	369	.	210	188	206	272	235	178	219	197	110	193	208	168	188	173	
Asn	234	355	329	275	400	391	.	208	257	298	248	252	183	236	184	233	233	210	251	120	
Asp	285	275	245	220	293	264	201	.	344	263	298	252	208	245	299	236	175	233	227	103	
Glu	332	355	292	216	520	407	258	533	.	341	380	279	323	219	450	321	351	342	348	145	
Gln	383	443	361	212	499	406	338	68	439	.	396	366	354	504	467	391	603	383	361	159	
His	331	365	205	220	462	370	225	141	319	301	.	275	332	315	205	364	255	328	260	72	
Arg	225	270	199	145	459	251	67	124	250	288	263	.	306	68	139	242	189	213	272	63	
Lys	331	376	476	252	600	492	457	465	272	441	362	440	.	414	491	301	487	360	343	218	
Met	347	353	261	85	357	218	544	392	287	394	278	112	135	.	612	513	354	330	308	633	
Ile	362	196	193	145	326	160	172	27	197	191	221	124	121	279	.	417	494	331	323	73	
Leu	366	212	165	146	343	201	162	112	199	250	288	185	171	367	301	.	275	336	295	152	
Val	382	326	398	201	389	269	108	228	192	280	253	190	197	562	537	333	.	207	209	286	
Phe	176	152	257	112	236	94	136	90	62	216	237	122	85	255	181	296	291	.	332	232	
Tyr	142	173	.	194	402	357	129	87	176	369	197	340	171	392	.	362	.	360	.	303	
Trp	137	92	17	66	63	162	.	.	65	61	239	103	54	110	.	177	110	364	281	.	
